4445,2697,5115,718,2209,2212,654,4348,3079,6821,7668,3276,8874,4190,3785,2752,9473,7817,9137,496,7338,3434,7152,4355,4552,7917,7827,2460,2350,691
1096,20,1318,7586,5167,2642,1443,5741,7621,7030,5526,4244,2348,4641,9827,2448,6918,5883,3737,300,7116,6531,567,5997,3971,6623,820,6148,3287,1874
9607,7385,521,6084,1364,8983,7623,1585,6935,8551,2574,8267,4781,3834,2764,2084,2669,4656,9343,7709,2203,9328,8004,6192,5856,3555,2260,5118,6504,1839
7206,3114,7760,1094,6150,5182,7358,7387,4497,955,101,1478,7777,6966,7010,8417,6453,4955,3496,107,449,8271,131,2948,6185,784,5937,8001,6104,8282
3620,8024,577,9997,7377,7682,1314,1158,6282,6310,1896,2509,5436,1732,9480,706,496,101,6232,7375,2207,2306,110,6772,3433,2878,8140,5933,8688,1399
1074,5438,9008,2679,5397,5429,2652,3403,770,9188,4248,2493,4361,8327,9587,707,9525,5913,93,1899,328,2876,3604,673,8576,6908,7659,2544,3359,3883
4295,1176,5596,1521,3061,9868,7037,7129,8933,6659,5947,5063,3653,9447,9245,2679,767,714,116,8558,163,3927,8779,158,5093,2447,5782,3967,1716,931
510,3556,5377,1406,5721,4946,2635,7847,4251,8293,8281,6351,4912,287,2870,3380,3948,5322,3840,4738,9563,1906,6298,3234,8959,1562,6297,8835,7861,239
9444,3401,5891,9716,1228,7107,109,3563,2700,6161,5039,4992,2242,8541,7372,2067,1294,3058,1306,320,8881,5756,9326,411,8650,8824,5495,8282,8397,2000
3327,4030,7177,6336,9933,5296,2621,4785,2755,4832,2512,2118,2244,4407,2170,499,7532,9742,5051,7687,970,6924,3527,4694,5145,1306,2165,5940,2425,8910
6882,1265,1775,3648,4690,959,5837,4520,5394,1378,9485,1360,4018,578,9174,2932,9890,3696,116,1723,1178,9355,7063,1594,1918,8574,7594,7942,1547,6166
7338,3423,4723,6533,848,8041,7921,8277,4094,5368,7252,8852,9166,2250,2801,6125,8093,5738,4038,9808,7359,9494,601,9116,4946,2702,5573,2921,9862,1462
4420,1327,3560,2376,6260,2988,9537,4064,4829,8872,9598,3228,1792,7118,9962,9336,4368,9189,6857,1829,9863,6287,7303,7769,2707,8257,2391,2009,3975,4993
356,8296,8325,1058,1277,4743,3850,2388,6079,6462,2815,5620,8495,5378,75,4324,3441,9870,1113,165,1544,1179,2834,562,6176,2313,6836,8839,2986,9454
9870,152,1558,4963,8750,4754,6521,6256,8818,5208,5691,9659,8377,9725,5050,5343,2539,6101,1844,9700,7750,8114,5357,3001,8830,4438,199,9545,8496,43
192,5213,8297,8974,4032,6966,5717,1179,6523,4679,9513,1481,3041,5355,9303,9154,1389,8702,6589,7818,6336,3539,5538,3094,6646,6702,6266,2759,4608,4452
1046,4301,6082,474,4974,7822,2102,5161,5172,6946,8074,9716,6586,9962,9749,5015,2217,995,5388,4402,7652,6399,6539,1349,8101,3677,1328,9612,7922,2879
4659,736,4951,9344,1927,6271,8837,8711,3241,6579,7660,5499,5616,3743,5801,4682,9748,8796,779,1833,4549,8138,4026,775,4170,2432,4174,3741,7540,8017
5759,338,7444,7968,7742,3755,1591,4839,1705,650,7061,2461,9230,9391,9373,2413,1213,431,7801,4994,2380,2703,6161,6878,8331,2538,6093,1275,5065,5062
1571,1428,8599,1230,7772,4221,8523,9049,4042,8726,7567,6736,9033,2104,4879,4967,6334,6716,3994,1269,8995,6539,3610,7667,6560,6065,874,848,4597,1711
1822,4824,5957,6511,9868,4113,301,9353,6228,2881,2966,6956,9124,9574,9233,1601,7340,973,9396,540,4747,8590,9535,3650,7333,7583,4806,3593,2738,8157
8738,3850,9555,3695,4383,2378,87,6256,6740,7682,9546,4255,6105,2000,1851,4073,8957,9022,6547,5189,2487,303,9602,7833,1628,4163,6678,3144,8589,7096
7047,4323,1934,5163,4166,461,3544,2767,6554,203,6098,2265,9078,2075,4644,6641,8412,9183,487,101,7566,5622,1975,5726,2920,5374,7779,5631,3753,3725
3975,4565,8131,5800,4570,2306,8838,4392,9147,11,3911,7118,9645,4994,2028,6062,5431,2279,8752,2658,7836,994,7316,5336,7185,3289,1898,9689,2331,5737
9248,5397,5686,2988,3446,4359,6634,9141,497,9176,6773,7448,1907,8454,916,1596,2241,1626,1384,2741,3649,5362,8791,7170,2903,2475,5325,6451,924,3328
5093,138,4639,6609,1146,5565,95,7521,9077,2272,974,4388,2465,2650,722,4998,3567,3047,921,2736,7855,173,2065,4238,1048,5,6847,9548,8632,9194
6237,4607,7527,9047,522,7371,4883,2540,5867,6366,5301,1570,421,276,3361,527,6637,4861,2401,7522,5808,9371,5298,2045,5096,5447,7755,5115,7060,8529
9905,7127,9390,5185,6923,3721,9164,9705,4341,1031,1046,5127,7376,6528,3248,4941,1178,7889,3364,4486,5358,9402,9158,8600,1025,874,1839,1783,309,9030
5825,8517,7769,2405,8204,1060,3603,7025,478,8334,1997,3692,7433,9101,7294,7498,9415,5452,3850,3508,6857,9213,6807,4412,7310,854,5384,686,4978,892
6223,2099,2700,589,4716,8333,1362,5007,2753,2848,4441,8397,7192,8191,4916,9955,6076,3370,6396,6971,3156,248,3911,2488,4930,2458,7183,5455,170,6809